4.297776849142519e-09
8.588365875465653e-08
3.5021870851605244e-16
4.960719652881795e-14
5.396381973415758e-19
2.8803893533854823e-13
2.0435105635598627e-12
3.0480797724667995e-26
1.3534395957431194e-16
1.409364607697724e-07
2.270700684064294e-09
7.573507028447247e-11
1.1206105020444868e-13
1.382961839929753e-05
4.673277930387437e-12
6.217996713209301e-06
2.687576336330144e-05
5.191318103496858e-06
3.491896391425925e-13
6.1361960938998785e-21
3.9776752975574425e-34
8.179801438395666e-35
1.2547794023177224e-19
6.330430918845047e-19
8.915428763936594e-17
1.519475929122199e-10
1.923097757738922e-06
3.701641439941415e-10
6.3261232093897e-21
1.609928582892046e-12
1.0354084239418713e-09
4.733284859193633e-16
5.379669815947386e-14
7.54651926157784e-12
2.5723586979297603e-18
1.671309709293195e-16
2.131060181628495e-08
9.751218186381466e-09
3.5400155605129153e-15
8.223136290506465e-11
1.2621815279008587e-13
4.935681550014468e-12
2.1847232817039012e-11
7.600923277508908e-17
1.0218639354814019e-16
1.5359809765593123e-15
1.2093147829325393e-10
2.5495463845674317e-10
1.956962071870393e-16
1.983612682167505e-18
3.4131603804728304e-22
2.6370276552005803e-14
7.684894210000173e-06
0.00022139972576535173
0.00022139972576535173
2.1547204385248434e-12
4.903614817517664e-12
2.2213269040728304e-06
2.3511847079612484e-08
7.716161839459771e-14
0.0018221548858624586
5.051449873800376e-14
6.104919901595997e-16
1.9687830030126444e-11
1.3839112654992506e-21
3.8228030946546417e-16
1.0915965120318653e-06
3.07513517893142e-05
1.0331025074213462e-05
1.7230835388180067e-19
1.0896124680346326e-18
1.3029671995144667e-19
2.7726320172359233e-10
2.0805515237335243e-13
1.5399095973438426e-27
3.5231755301436536e-12
5.652924692194278e-09
1.761399309235701e-13
1.368297582957882e-10
5.818038689228771e-17
7.978344301873274e-10
9.000322397173469e-08
7.001359664046758e-07
5.677979354284635e-09
3.3138137929806065e-26
3.58952648964747e-11
1.556987983245105e-55
4.190831945502796e-20
0.001049909729045256
1.860601491486524e-17
1.0707899639108036e-13
1.1865062170534398e-11
2.869844636865831e-06
3.493709714909174e-14
5.657796923834624e-13
5.923584091090881e-13
2.460534409075317e-10
6.373081587820545e-15
2.180265251200269e-15
8.247507953661358e-12
